tensor([[[ 9.6689e-01,  5.0931e-03,  2.5516e-01],
         [-6.7872e-04,  9.9985e-01, -1.7386e-02],
         [-2.5521e-01,  1.6637e-02,  9.6674e-01]],

        [[ 9.9900e-01, -1.0848e-02,  4.3330e-02],
         [ 1.2795e-02,  9.9891e-01, -4.4923e-02],
         [-4.2795e-02,  4.5433e-02,  9.9805e-01]],

        [[ 9.9998e-01, -6.5751e-03, -1.0352e-03],
         [ 6.5440e-03,  9.9960e-01, -2.7635e-02],
         [ 1.2165e-03,  2.7627e-02,  9.9962e-01]],

        [[ 9.9960e-01, -5.0052e-03,  2.7949e-02],
         [ 5.5939e-03,  9.9976e-01, -2.1025e-02],
         [-2.7837e-02,  2.1173e-02,  9.9939e-01]],

        [[ 9.9668e-01,  7.2105e-02,  3.7856e-02],
         [-7.1270e-02,  9.9719e-01, -2.2981e-02],
         [-3.9407e-02,  2.0207e-02,  9.9902e-01]],

        [[ 9.9979e-01, -1.7140e-02,  1.0966e-02],
         [ 1.7177e-02,  9.9985e-01, -3.3566e-03],
         [-1.0907e-02,  3.5443e-03,  9.9993e-01]],

        [[ 9.9809e-01, -1.8356e-02, -5.9057e-02],
         [ 1.6997e-02,  9.9958e-01, -2.3426e-02],
         [ 5.9462e-02,  2.2377e-02,  9.9798e-01]],

        [[ 1.0000e+00,  0.0000e+00,  0.0000e+00],
         [ 0.0000e+00,  1.0000e+00,  0.0000e+00],
         [ 0.0000e+00,  0.0000e+00,  1.0000e+00]],

        [[ 1.0000e+00,  0.0000e+00,  0.0000e+00],
         [ 0.0000e+00,  1.0000e+00,  0.0000e+00],
         [ 0.0000e+00,  0.0000e+00,  1.0000e+00]],

        [[ 9.9982e-01,  8.4383e-03, -1.7060e-02],
         [-8.3987e-03,  9.9996e-01,  2.3956e-03],
         [ 1.7079e-02, -2.2519e-03,  9.9985e-01]],

        [[ 1.0000e+00,  0.0000e+00,  0.0000e+00],
         [ 0.0000e+00,  1.0000e+00,  0.0000e+00],
         [ 0.0000e+00,  0.0000e+00,  1.0000e+00]],

        [[ 1.0000e+00,  0.0000e+00,  0.0000e+00],
         [ 0.0000e+00,  1.0000e+00,  0.0000e+00],
         [ 0.0000e+00,  0.0000e+00,  1.0000e+00]],

        [[ 9.9913e-01, -1.7159e-03, -4.1591e-02],
         [ 9.9547e-04,  9.9985e-01, -1.7338e-02],
         [ 4.1614e-02,  1.7281e-02,  9.9898e-01]],

        [[ 9.0357e-01,  4.2384e-01,  6.2579e-02],
         [-4.2126e-01,  9.0553e-01, -5.0497e-02],
         [-7.8070e-02,  1.9265e-02,  9.9676e-01]],

        [[ 9.0349e-01, -4.2840e-01,  1.3166e-02],
         [ 4.2856e-01,  9.0250e-01, -4.2821e-02],
         [ 6.4622e-03,  4.4330e-02,  9.9900e-01]],

        [[ 9.9774e-01, -5.6226e-02, -3.6846e-02],
         [ 5.2557e-02,  9.9419e-01, -9.3936e-02],
         [ 4.1913e-02,  9.1787e-02,  9.9490e-01]],

        [[ 5.2111e-01,  8.4776e-01, -9.8743e-02],
         [-8.5032e-01,  5.2565e-01,  2.5373e-02],
         [ 7.3415e-02,  7.0741e-02,  9.9479e-01]],

        [[ 5.5594e-01, -8.1051e-01,  1.8440e-01],
         [ 8.2927e-01,  5.5601e-01, -5.6274e-02],
         [-5.6915e-02,  1.8420e-01,  9.8124e-01]],

        [[ 9.8296e-01,  3.9192e-02, -1.7961e-01],
         [-1.7341e-02,  9.9242e-01,  1.2165e-01],
         [ 1.8301e-01, -1.1647e-01,  9.7619e-01]],

        [[ 9.7680e-01, -4.1349e-02,  2.1015e-01],
         [ 2.0865e-02,  9.9489e-01,  9.8771e-02],
         [-2.1316e-01, -9.2095e-02,  9.7267e-01]],

        [[ 1.0000e+00,  0.0000e+00,  0.0000e+00],
         [ 0.0000e+00,  1.0000e+00,  0.0000e+00],
         [ 0.0000e+00,  0.0000e+00,  1.0000e+00]],

        [[ 1.0000e+00,  0.0000e+00,  0.0000e+00],
         [ 0.0000e+00,  1.0000e+00,  0.0000e+00],
         [ 0.0000e+00,  0.0000e+00,  1.0000e+00]],

        [[ 1.0000e+00,  0.0000e+00,  0.0000e+00],
         [ 0.0000e+00,  1.0000e+00,  0.0000e+00],
         [ 0.0000e+00,  0.0000e+00,  1.0000e+00]],

        [[ 1.0000e+00,  0.0000e+00,  0.0000e+00],
         [ 0.0000e+00,  1.0000e+00,  0.0000e+00],
         [ 0.0000e+00,  0.0000e+00,  1.0000e+00]]])
